GetPostings
Geological
Postings list: 1615 4066 6258 7355 7484 7541 8825 9551
GetPostings
monkey.
Postings list: 9855
DaatAnd
Geological monkey.
Results: empty
Number of documents in results: 0
Number of comparisons: 8
TF-IDF
Results: empty
DaatOr
Geological monkey.
Results: 1615 4066 6258 7355 7484 7541 8825 9551 9855
Number of documents in results: 9
Number of comparisons: 8
TF-IDF
Results: 9855 7355 9551 8825 7484 7541 6258 4066 1615

GetPostings
work
Postings list: 1061 1478 1615 1646 1807 2219 2385 3503 3572 4995 5000 5507 5808 5954 6196 6941 7484 7786 8866 9250 9428 9551 9849
GetPostings
studying
Postings list: 1061 1478 1615 1646 1807 2219 2385 3503 3572 5507 5808 6196 6941 7484 8866 9428 9551 9849
GetPostings
history
Postings list: 1061 1478 1615 1646 1807 2219 2385 3503 3572 5507 5808 6196 6941 7484 8866 9428 9551 9849
DaatAnd
work studying history
Results: 1061 1478 1615 1646 1807 2219 2385 3503 3572 5507 5808 6196 6941 7484 8866 9428 9551 9849
Number of documents in results: 18
Number of comparisons: 41
TF-IDF
Results: 9551 1061 7484 9849 8866 5507 6941 9428 1807 1478 3503 2385 5808 6196 2219 3572 1615 1646
DaatOr
work studying history
Results: 1061 1478 1615 1646 1807 2219 2385 3503 3572 4995 5000 5507 5808 5954 6196 6941 7484 7786 8866 9250 9428 9551 9849
Number of documents in results: 23
Number of comparisons: 46
TF-IDF
Results: 9551 1061 7484 9849 8866 5507 6941 9428 1807 1478 3503 2385 5808 6196 2219 3572 1615 1646 9250 4995 5000 7786 5954

GetPostings
cannot
Postings list: 1611 1646 2647 3337 3572 3962 4936 4995 5009 5118 5342 5422 6758 7775 7786 9102 9795 9855
GetPostings
here
Postings list: 1611 1637 1646 2239 2647 2794 3289 3337 3572 3711 3852 3962 4672 4694 4936 4995 5000 5009 5118 5342 5418 5422 5427 5602 5954 6229 6722 6758 7775 7786 8999 9102 9795 9855
GetPostings
conclusions
Postings list: 1611 1637 2239 2647 2732 2794 3289 3337 3376 3503 3585 3852 3962 4638 4672 4817 4936 5009 5418 5422 5587 5602 6229 6722 6758 7775 8257 8999 9102 9238 9628 9795 9855
DaatAnd
cannot here conclusions
Results: 1611 2647 3337 3962 4936 5009 5422 6758 7775 9102 9795 9855
Number of documents in results: 12
Number of comparisons: 73
TF-IDF
Results: 5422 2647 7775 3962 3337 9855 5009 4936 9795 6758 1611 9102
DaatOr
cannot here conclusions
Results: 1611 1637 1646 2239 2647 2732 2794 3289 3337 3376 3503 3572 3585 3711 3852 3962 4638 4672 4694 4817 4936 4995 5000 5009 5118 5342 5418 5422 5427 5587 5602 5954 6229 6722 6758 7775 7786 8257 8999 9102 9238 9628 9795 9855
Number of documents in results: 44
Number of comparisons: 78
TF-IDF
Results: 5422 2647 7775 3962 3337 9855 5009 4936 9795 5118 6758 4995 4672 1611 5342 7786 9102 3289 5602 2239 8999 1637 2794 3572 5418 1646 6722 3711 3852 4694 5000 6229 8257 9628 5954 4817 2732 5587 3503 5427 4638 9238 3585 3376